-792940172
-1899710627
-850683054
439100898
635479974
1030762859
-283576111
1241422560
2132355693
-2015061129
1882272883
-1931193108
-928350021
-1372179131
856542894
-1318151790
1105905344
-1591464206
796676054
1756507515
-1270908670
574866280
631849759
344607549
-905773145
2092918558
-1651005570
-784398085
951251645
1070771330
-902560012
1657175093
-1712511412
1465887548
-24705585
-1435397144
-720377571
-430649693
26187691
909154054
1573801490
1011759149
-1386812539
-1647143497
-1326843423
-1839724140
926065336
1409859018
-757097621
607188625
-1654441831
-1389200103
131029991
-1797947002
-1760959664
-1163787884
349437148
-603980443
1983756969
-1995847840
-902138120
-365597686
-162299000
1107625884
347778181
-290968790
1372795922
-1831971058
-1376923779
1776802201
2031352088
809178710
-727477800
-783823527
-1774091888
-423214859
147552942
74991167
142006514
1429018375
-621049561
682000324
-1346714844
276524754
478559741
668175258
-894002337
-1767519717
-1231995891
819858144
-310942608
-1562604955
217828422
1651447452
-285480537
1356635918
-1974385727
383715920
1035722849
1512565297
-1380827874
-85309643
-1180596958
-925964535
-323836342
-1648358750