1367585910
-793621678
-1529807620
1631678993
411746015
1977199503
-2061205460
232131300
-1822701762
-190729871
2066220042
-198100917
-1260640431
-1147354846
-831375389
1144719814
697310632
364595018
-413888554
398516214
-1880307667
-696968157
359928673
1109376819
1786691835
1176360087
225365928
-2088027133
-1918762533
-1101766890
-856282073
-298193691
990546590
1012902074
-523560085
-875785358
-638324806
1997358743
1449634913
1829368098
-692661937
-1486777822
1397086724
425138768
-1537417713
-616153457
-313376412
-2134899021
1873087422
773922253
-1414316100
401428408
-416801665
-1899294737
-279211742
316136216
-538235638
-1923237211
2076011746
-936082362
1502772074
449624296
413916113
651375129
-588042816
-370521517
-1910798386
368578463
1667277335
1908925037
-2008924609
-1512321830
215740974
-1712759579
-1465143616
830100939
1573716933
1721697961
1266544274
-1536175393
443788119
30128672
1041580812
-884517073
1034153312
-182248037
313257717
-1158262968
1078186136
1739146065
-1447029543
-2111181675
287748208
2061496820
-275337987
-353876776
1208906409
-1725646400
815129659
1725613374
1588283331
-1625522667
124179499
-883009960
1769662638
-819205625
-1215218621
-1926312526
1971303871
1175334487
1531134907
-928619413
-1044206936
-556281251
-2073226608
-2101586456
25045671
282667767
1439228592
1559829545
-77945035
1330231893
-696937799
-860230826
-1685564603
-1527480396
1560180459
2012583004
-1020339184
-1363048207
-835227092
-78641489
38215986
1988501697
-806641358
384541024
-2052728105
1107234956
-762220972
-2051901675
-500069295
-376236430
-497198280
299863267
-1327691072
-253522691
2029757302
-317521710
-1367645729
-1724268392
702160245
-1225642239
282266716
-6637697
225328116
-725946969
778660148
-1798821107
-551397612
1488604123
1101101722
-2099876291
-1681039492
-1327493953
-1443152386
-423974087
-6186376
-728970821
-845678342
1242555445
1393874292
980027736
594622489
140274650
289888923
1577503836
1193147677
1815129822
1965793183
-223116464
-341265903
1644763406
2064787535
1346337676
1227115213
107338762
528411979
877903496
-1734200502
532319949
882128177
184126576
-1619184681
-941508775
956245852
875499050
571697522
-1508606697
802269485
1040155628
1682371885
851594102
435099829
16001524
875300167
2070778752
1651942081
1230762242
1346420803
-673653620
-826020403
229964138
347064363
1065524200
647604905
1775778926
1891831087
1542348524
1123381165
-250571086
-515376801
-612744684
1985963606
1094666655
536734617
-750488608
1278634038
1948283697
205872365
448949545
-673929945
-627787037
-931173814
-481150583
-95876920
2110854151
1690969414
685745846
834967543
451527732
66254197
1286824882
1437094643
2122645808
1738420337
-536466242