-718398628
-435230016
-1654573358
1903015878
503435898
-1410980566
989233605
1935809866
-179177891
1246365421
-92254823
1628463885
-97659969
257607992
-1524198606
-677644957
-1992013654
-384388233
115663861
-168484640
868012407
259992450
2119179250
730694348
-1340880491
603494511
1136534868
834898904
-1018186886
724043848
-416731511
-410355533
-477930037
-1457571583
59851618
1445443351
1473822057
1729223756
911239694
-1231703692
-1394792168
-1543689364
1997354599
-181423023
-447194429
1882525818
-904742863
623131961
1248399586
882800467
-1906839251
-1582961184
-1463846604
-2092710888
363813542
1352443957
918023777
-1634534336
-692138836
1843757606
1351852463
-690316907
-1644782089
-181517561
-280122613
651639609
1780879651
1733121283
-2127321362
1560441029
-593024050
-1960498468
1179854736
431440378
885786908
606280754
326562163
-65386833
1456748627
735700784
236638714
367190457
-1389762382
428031835
1118975942
-1619072179
1994674695
-1995798097
70754039
-1013004144
-681584735
-2120835893
947601070
644584677
-1459115128
2048088959
-797095534
-223291786
1717267189
709559852
892809375
-1399100388
-748517312
-868405396
367064147
-1884074145
1889478125
-646026433
927416167
-297095236
656345113
1710442803
678809914
-631354276
-1618085610
1974998461
-1820465085
1952692928
1107268956
-1877541477
1972092845
-1295413832
-1332747003
529988581
644151160
1521640195
1803787418
35283806
2127535635
-1348260278
1860513730
19417578
354487983
1261393755
258877137
1121466582
-847924135
1465599848
151893446
-963861514
241359291
515698125
-1891832267
570947695
-227202572
-1080206696
-678397835
1009937989
2131927738
-1898615620
-772869610
340464607
-618770636
-497353153
782968955
-447058850
1397606493
-677837492
362012307
-1785612920
2127257868
1013769394
401170190
-1942444224
-1190670071
1716790281
142499767
-645565695
1613089407
-330849450
63336472
31845714
-1202263130
670859265
-743535966
-453474721
2002439351
1296924171
-1488938785
809985626
438236457
962740009
924847725
-147900570
110140595
66117008
-192276270
-1263995472
-1992082678
-612630665
-423522688
348477723
595245885
1924306243
1794263113
-966476389
-587937766
525470186
961566473
-577991741
-2093509146
1048722587
636316223
-798972913
936723259
674442278
-1620890493
-1156800706
1160786987
1676350326
-866882841
-1103130340
202331201
1133638764
-2044204423
561056478
1726542861
-502856199
-1107222381
-1041645450
15994731
-1748485498
956835162
1981669981
-1074028022
-1999505424
-1859317191
-943595263
689746106
-345130051
-228269555
-803549181
-432638759
1064830870
-1599665835
965215507
-1723990737
-102102780
-67379353
-642984165
1985080105
996632052
1323405634
-1272064242
-1165087662
383825070
1776996473
-505012160
1678756294
1268157835
1531018222
-1651842231
1828580085
659370033
2132436453
1539419921
-805379666
-1160950003
370357383
-1257159538
-1611677404
-883058965
976152439
813999461
-1655340783
-624711680
86487265
-1025603115
-1971024970
2007420339
-515925320
-696094315
560241714
1155965965
-566746870
-541389001
1145473325
1280397530
-849499443
-1676903921
-1110295277
746929682
-1204693777
-352374103
-770019244
-1367403339
-1667277487
1350328290
-1794001819
-928117601
581899224
560718171
1667364634
-174385254
632291799
-1152659255
592580728
-746896228
1472615772
75281006
975418819
-772620392
711777994
745406251
105473646
618296547
-58025873
-275121703
1985892024
1707105378
-105018318
-1716600630
-632177660
-814883300
-1730782415
-2027743592
-1735074045
-1697345498
-677429883
-435151156
-1338066929
-1563686146
623707267
1099028332
-816418518
818872462
-970405837
1800565283
1652368020
-1785712435
-1955374955
686420318
88399945
-2139181564
-1269624606
-1609543353
-654521434
-1412242876
35905653
1315077866
685264432
28376200
-1773086966
-1628005390
-1688022190
2056837324
1654971403
-1650693044
-1751786536
-1082715772
1829556328
486377647
-1036737896
1012560581
-670733790
-170226186
-908131666
1341233457
1531821930
1839292665
278414259
42055570
1395216906
-1960172260
709060539
-1247956213
-952794988
-1259962882
-525778698
-906887317
2008245122
1596113222
-265069358
341398221
1332598202
-851908657
-407406483
-659430355
-241286371
-1605963694
-551404910
-1490605170
720379573
-448134249
-200060065
-1127798301
-601692635
-1937523368
1544377228
928170171
-1008383935
-1104319471
-704027039
1868457697
-679071277
-1284866469
-433015320
-1398946958
-938003725
-70118057
-365820279
-595748524
478987496
1138803087
2014684699
2133448163
936267001
-1451255060
568999072
1346602326
299159737
1375151900
-467933194
-214015527
2007555357
-990499851
-222828132
34581228
-1228929439
-881645112
1115869310
-1609363585
815888184
-249275416
-716021403
-1432680628
-1098231271
1234734315
-813635614
1133262633
280522156
922479100
-1531161281
-1165305167
510199403
-1917298347
2098155327
1446286796
-1776108783
-1255450714
-102672847
1334584984
-196811952
2138252866
-1432949067
1483035324
1911289697
1648592636
-190502226
1711918990
1122730023
-1087865523
-710116979
266681806
-2105036719
641951358
-1911207823
806994273
-1353895527
514165431
-909396329
1951521777
1556710695
1650561242
-867291775
-1928761865
-1380952287
-690196946
-213650391
201652085
1682762398
163756975
1672529931
690050710
1567980551
-708961331
-2121851761
-1886886221
600415301
-656340428
-2020381320
23582663
-1431406375
-1594305078
-1788751293
6178524
-2116777277
61716700
-267442156
2096093229
334132852
-2000204838
2057383560
568753476
1142903339
534103903
-725662671
-1582482143
-882104327
-549121166
-714885472
-883211166
-276751687
-1470913333
435185102
-3722506
1729712325
11482798
1439513634
-658052624
-1888937926
-1578625377
1449941788
132860137
-603918644
553488136
1883837152
-118077007
2115550546
-647396790
1711499949
-132176211
35166565
-1855090598
2124284735
21074045
-2021809362
-1340251674
-1180585192
137416388
1190900489
1452999118
1316956790
963091200
1536729599
301732146
706817554
1243487814
1813751568
1295377619
-885255577
1085920004
-1686599488
457674890
-263663278
-2072016800
-1394146312
129676161
-1327745608
-696300323
1826453349
600040839
549360356
-1207421707
-702713801
-284840866
-498186590
729613945
-824699920
1531444970
-1170293586
-370406244
-813915844
-679537950
1580237270
-650680972
188626306
-1426292681
1352012150
1120463390
-437876594
-1464887485
302722137
-363674236
1713795191
1002888897
-830788911
-2002783501
-1884863186
935592413
-1272547487
1675841433
793888683
-118423582
-736383766
639395991
-2122374231
-658769986
117410957
758019900
1641858843
-304242273
-974898678
-1707482876
1324355272
-1308922692
-1764149279
-2017636656
1262340303
-1143537747
-1694557167
1070066515
-1102904264
183898558
-1595005262
656241660
225944913
64873755
-1103912402
-305853412
-1385506263
285016566
1011458157
-996907282
-1089508242
-77971600
907073189
1845082973
1741626069
1289898262
1442412631
448327312
-1017863734
-394661367
-245185720
-1104980593
-1489476402
1305280060
-1625583929
1455414007
436096048
15039857
-1475596596
1306176864
1993068665
1013726133
-1359818955
-64357405
-2000255602
1532609758
-1280304609
2042084831
-1167459051
162985100
1771294064
2116514763
-377121549
-2086478688
1256307899
-891844233
-1014316652
118192040
-1597258512
1660175291
-1924920835
-540743496
-1813738704
-858764823
1594352363
-1899369628
-2020738942
2137198642
-1719482692
-1860987475
-445203994
849305810
1590466757
1294549650
-43859294
-1058684337
1674665883
-1756816110
958499971
1900106948
1040237059
656143170
204906625
355307968
-1833595633
-1951482802
-15786261
1384211326
2026660223
2016378319
1594492413
-1218333647
1008405040
714509675
-527366595
416844483
-1456459283
1756804030
1168024298
-1200022593
1948827961
-1017908302
2035132586
-345849565
1978366422
122261218
-1873216065
-189111038
-930060497
-1415790104
1871952667
-2056987423
-980040362
-644857771
-752996244
-1671453013
-2059102230
-1368800215
-1217202840
820701607
703715558
-360264639
-207749888
-659509565
-1045717118
-1897264827
-1745799164
-1126405177
-1513661818
576669257
994342664
1379576612
1260493413
1611450790
2031614183
911633952